
Результаты:

Детерминант: -2

Введенная матрица:

7  14  
21  28  
Транспонированная матрица:

1  3  
2  4  
Союзная матрица:

4  -3  
-2  1  
Инверсная матрица:

-2  1  
1.5  -0.5  
Результаты:

Детерминант: -190

Введенная матрица:

3  5  7  
4  5  3  
9  0  2  
Транспонированная матрица:

3  4  9  
5  5  0  
7  3  2  
Союзная матрица:

10  19  -45  
-10  -57  45  
-20  19  -5  
Инверсная матрица:

-0.0526316  0.0526316  0.105263  
-0.1  0.3  -0.1  
0.236842  -0.236842  0.0263158  
